time_s	force_N	angle_deg	velocity_deg_s	torque_Nm
0.0	50.85950804670238	34.01748069010118	128.27585638151362	42.15576412711372
0.01001001001001001	49.62596807302411	35.30152329652274	2.756370661910296	40.50085555880245
0.02002002002002002	49.27542550361621	34.07266328593522	-5.7596287790770475	40.81620135272092
0.03003003003003003	53.35348633412403	35.18621541305773	2.4432638114155907	43.604927061594516
0.04004004004004004	54.33909915776713	34.12157747635395	-33.61387956234239	44.98457652674946
0.050050050050050046	53.02241936593832	34.513264871269094	22.914849535041185	43.690210280678016
0.06006006006006006	52.787714688469464	34.58033322280122	10.838039663730797	43.46177419075694
0.07007007007007007	54.003778977808835	34.73024264231476	16.83618841193629	44.382651575021036
0.08008008008008008	55.09307216684505	34.91739405186901	39.600399509566614	45.17511506538005
0.09009009009009009	54.74793720635573	35.52304343329707	-1.7323032605274875	44.558355330294695
0.10010010010010009	55.168019101075856	34.8827133059125	-25.46336873506789	45.25567550697279
0.11011011011011011	54.52717690332903	35.013266281443855	21.24400450024632	44.65880569319625
0.12012012012012012	57.64784886794829	35.30801870131283	-22.614437372730208	47.04391384713214
0.13013013013013014	57.943173335027325	34.5605247925003	35.251577444762006	47.717790987196494
0.14014014014014015	57.26625852676939	36.01375598749425	9.640939395939313	46.321293616661336
0.15015015015015015	56.91829063494161	34.75353659221881	-80.75010759272459	46.7647365591458
0.16016016016016016	57.778508780941344	34.39713721686913	0.45470294364781694	47.675458450800704
0.17017017017017017	58.89258355731918	34.7626397542538	5.702616365400445	48.381504361921664
0.18018018018018017	58.185012983522114	34.511303710670944	47.85948449315879	47.94529019264548
0.19019019019019018	60.07263076635325	35.720787591954675	17.101518817647275	48.771272332286436
0.20020020020020018	59.68337503431474	34.85367645977299	-24.54678422717734	48.977024265338116
0.21021021021021022	57.907184929700904	35.22936048029948	2.5995510610050587	47.30144960045046
0.22022022022022023	60.35525451201755	34.905719524057375	31.06841958434734	49.49702781871477
0.23023023023023023	59.5695554373693	35.8513508623685	22.37586010980226	48.28346158974685
0.24024024024024024	59.17817466722541	35.35368469142078	-36.023957230998576	48.265470353836434
0.2502502502502503	61.244299912731606	35.130150517403564	-40.02020842533716	50.08846827127221
0.2602602602602603	56.96189549806155	34.552479317540154	-14.830754026067552	46.91421874982856
0.2702702702702703	61.974319793801776	34.8332385248897	34.35562805575387	50.86963645932143
0.2802802802802803	58.34654261562557	35.24027967901671	-38.82887136088493	47.65392353471452
0.2902902902902903	59.42156951518404	34.05588374289	-16.474493042854192	49.2302810978381
0.3003003003003003	60.142326563267	34.910459998479084	50.909724780420675	49.31955915651583
0.3103103103103103	60.68706763258211	35.075097452207736	-15.792935094769518	49.66626917559927
0.3203203203203203	58.706966631989005	34.594285121706925	-46.751554339654376	48.327164166423756
0.3303303303303303	59.49383047674099	34.1391303983608	12.74476304738937	49.24169004448533
0.34034034034034033	58.33509978877285	34.84943553306607	5.241266565560181	47.87307791921399
0.35035035035035034	58.56072025617478	34.244060659933574	-83.86469315929344	48.40910729287204
0.36036036036036034	59.62611541175702	33.17046269704418	-4.611270640732982	49.90983024773565
0.37037037037037035	57.92750986477043	34.15174292938837	24.77545834292073	47.93812469449368
0.38038038038038036	56.57725487832638	33.66646786907462	-23.093703912535375	47.08804414909667
0.39039039039039036	56.185300350960624	33.689406514723	6.844584853314473	46.74935524795284
0.40040040040040037	55.43154577957029	33.80349659486671	-13.595861673599074	46.06087171358902
0.41041041041041043	55.94714970935552	33.41721709182812	-18.894031877892303	46.69810169030956
0.42042042042042044	54.103924457484716	33.4252376984124	14.349134579465499	45.155422428249594
0.43043043043043044	53.314726196870275	33.70448705337898	33.63533801481458	44.35308946191957
0.44044044044044045	53.39630506320339	34.09861783884913	-40.408023425635065	44.21608438059829
0.45045045045045046	52.543198611335846	32.89551761542833	-82.60104326085207	44.118545926687176
0.46046046046046046	53.017367668017066	32.44494329909233	54.42324737788795	44.74174671245442
0.47047047047047047	51.23215115021933	33.98507211748815	23.03276992529277	42.480840925413894
0.4804804804804805	51.27524225064525	32.906059814113206	-74.50233157277421	43.04876604416854
0.4904904904904905	51.72575652185808	32.49353394786304	18.14529958335811	43.6281967623081
0.5005005005005005	49.604379824045125	33.269329075041306	36.06836640343522	41.47427843314868
0.5105105105105106	48.14172557064116	33.21562336534924	-28.86709742310086	40.276088451432834
0.5205205205205206	49.275789909461395	32.69140920671096	15.236085514095976	41.47009948645868
0.5305305305305306	47.64746560402718	33.52065010236817	-52.47889860897567	39.72306517856867
0.5405405405405406	47.496681290425435	31.640780605930665	-57.28677045019663	40.436478603224344
0.5505505505505506	45.89557865551785	32.373767811072945	-18.570159831533147	38.762173844872635
0.5605605605605606	45.88781462990252	31.2690056343284	-48.3477849326639	39.22213878723999
0.5705705705705706	45.51418827403782	31.405844188797396	5.883503101250426	38.846252718865394
0.5805805805805806	44.23927581573517	31.386793484203285	-24.884431025902586	37.76578089031868
0.5905905905905906	46.28500208854778	30.907657381472017	-6.900971464674285	39.712358920275264
0.6006006006006006	42.87616109465693	31.248635897322917	-23.91520765614132	36.65586864164824
0.6106106106106106	43.52749889889193	30.428874445413133	-14.629745489089373	37.531957732257396
0.6206206206206206	43.39811223146806	30.955748099743552	15.170811959374987	37.21669474741887
0.6306306306306306	42.25323772969653	30.732594404559777	-33.594029618749346	36.31926464165629
0.6406406406406406	42.67017737960852	30.283194954223045	-19.89540519576485	36.84755402662003
0.6506506506506506	41.35027108173588	30.334287994234156	-22.299021420910776	35.68914884259662
0.6606606606606606	43.370812507529166	29.836768098949555	-9.429617071770963	37.621853197165855
0.6706706706706707	41.58440334004479	30.145506871676176	24.975258240598123	35.96023028360431
0.6806806806806807	40.28800978389929	30.336773268931502	-20.60211564098313	34.77143543722998
0.6906906906906907	40.80546212522716	29.73305210408893	-47.93061254658892	35.43324168278253
0.7007007007007007	41.81294335710807	29.377201446176965	-3.2641273919741707	36.436178401430965
0.7107107107107107	39.540361679752344	29.667704208353708	-43.12833089234687	34.357041391263316
0.7207207207207207	40.02175445529188	28.513771398282135	-27.798239119959817	35.16721165970572
0.7307307307307307	38.31910057628464	29.11118290465081	-19.051414545225725	33.47852772370992
0.7407407407407407	41.57984001617718	28.132361697677016	-12.88118643416442	36.6676263756674
0.7507507507507507	39.36245789351277	28.853301294357227	7.292416892465553	34.47592890555246
0.7607607607607607	41.46451309539536	28.278356029858507	-9.023369377998733	36.51598806544319
0.7707707707707707	40.358281148450594	28.67265325876166	-5.1812906244044825	35.40935781871395
0.7807807807807807	39.954500519911036	28.174626487828387	-19.50290592973238	35.220397048339876
0.7907907907907907	40.049261988029635	28.28220469159985	-17.722892449870642	35.268363578075736
0.8008008008008007	41.459464730722964	27.819813826169316	-44.443986148205795	36.6675647941137
0.8108108108108109	42.38117818316379	27.392435199143275	-4.7824838651019945	37.62923680447495
0.8208208208208209	41.7480749561477	27.724068403444537	24.201095006306332	36.95532414874066
0.8308308308308309	42.307976068086326	27.87694160567594	-6.33873811519652	37.398299366931205
0.8408408408408409	42.630779720053134	27.59716673947664	-19.543830545229184	37.78052619239185
0.8508508508508509	42.58802335039473	27.485673726892568	-21.049424511391635	37.78095393378248
0.8608608608608609	41.98899287218605	27.17575683934868	-9.090594504248202	37.35381544901051
0.8708708708708709	43.972275015288844	27.303679842923636	-4.974356022200254	39.073225968389984
0.8808808808808809	42.6897076726793	27.07617013219752	-51.056476439222706	38.01100933605817
0.8908908908908909	42.0856150216421	26.281528162458716	3.711584339799174	37.73519248382475
0.9009009009009009	44.91960482432781	27.150476124986298	87.11277088622614	39.969964585182815
0.9109109109109109	45.59121665526878	28.025527579600382	-8.014189197115002	40.24511475945148
0.9209209209209209	44.13689972716884	26.990031896815825	-70.28147802013495	39.32975110826747
0.9309309309309309	44.2222026540231	26.618490982600683	-41.22816962233378	39.5350774932829
0.9409409409409409	45.61174960238411	26.16464311558792	-27.836880457034113	40.93794324317468
0.950950950950951	46.409974904142835	26.061196078555955	-36.15695506092379	41.69125561788578
0.960960960960961	48.13361219475354	25.440780151405264	-5.360444790841484	43.46608476854057
0.970970970970971	48.44302267556361	25.953879866527096	15.505192488948296	43.55738015630312
0.980980980980981	49.87309734153719	25.75119441544827	-30.985218849552666	44.92015927187308
0.990990990990991	48.540871336132675	25.33355516483435	-9.07277486883504	43.872798321568865
1.001001001001001	50.579214378920504	25.569557280937065	44.03647962258174	45.625586135569826
1.011011011011011	51.52640177424921	26.215166368489644	-19.933766392628286	46.22647184642628
1.021021021021021	50.28690656047178	25.170482878682247	-44.69284932575215	45.51197779112263
1.031031031031031	52.119809194790506	25.320414630236346	-23.265588507207212	47.112670779224196
1.0410410410410411	54.358724307079875	24.704705330990407	-13.962523617498391	49.38347997356259
1.0510510510510511	54.1526977162818	25.040884627884026	15.626864673460886	49.06266839900914
1.0610610610610611	54.44365299698276	25.01755547460324	60.029107626724226	49.33565440919197
1.0710710710710711	54.09962314077286	26.24266856435498	16.562639330199772	48.52353865195444
1.0810810810810811	54.31716991321708	25.349139845578208	-46.613103797338	49.08727884070749
1.0910910910910911	56.099644996999345	25.309473293137003	-32.29692758128817	50.71474542256373
1.1011011011011012	56.18361637239344	24.702554708815683	-49.19150684265128	51.04222805960927
1.1111111111111112	57.09853595400581	24.324658341332174	43.9588049053732	52.029675611467724
1.1211211211211212	56.282086765815905	25.58261086307741	40.5985153006402	50.76439482721225
1.1311311311311312	57.81411614437581	25.137441430434077	-20.82517985036543	52.33862222706723
1.1411411411411412	56.72491002207978	25.165690345552576	-14.195855540689763	51.34068672290781
1.1511511511511512	60.83670925221074	24.853240118308157	-12.587535490928985	55.20245889240684
1.1611611611611612	58.60989522573669	24.913687633021464	-10.1314892043697	53.15585796437131
1.1711711711711712	57.94644513396556	24.65040750160406	3.8868590267211403	52.66575794867768
1.1811811811811812	60.069370550532504	24.99150262855142	32.05360347879241	54.44510267913386
1.1911911911911912	58.58983960721834	25.292121284963265	-22.487632303327246	52.973494152764545
1.2012012012012012	59.376735667601615	24.54129977963596	-2.2131141684260456	54.0127670388296
1.2112112112112112	61.17750863115604	25.247814695004788	29.906442647769154	55.33330776448879
1.2212212212212212	59.29599027122921	25.140027360171874	13.905812788975254	53.67901324928272
1.2312312312312312	61.45435403873571	25.526209345434722	27.95436091391298	55.45568743820422
1.2412412412412412	58.9402304444491	25.699674225315277	-34.76628468468198	53.10983261396479
1.2512512512512513	62.30235827194279	24.830187630025673	-20.15522224004576	56.54290114026503
1.2612612612612613	61.633429723160674	25.29616627256161	13.279351260914154	55.72347057244777
1.2712712712712713	59.57404128508937	25.09604050812205	-17.255409195701304	53.95013929090865
1.2812812812812813	61.292838264928605	24.95071263501003	31.386376191695263	55.57243891449594
1.2912912912912913	56.57286216756488	25.72439638783567	62.40522323000937	50.96605528092174
1.3013013013013013	57.44497028462825	26.200066453428636	-32.10660149839123	51.54295096756697
1.3113113113113113	57.699237608559145	25.081621583063075	45.04192763092237	52.258477628420366
1.3213213213213213	59.95978626303602	27.101806746339996	26.214684983550796	53.37610814400174
1.3313313313313313	59.62349377675818	25.60644010125228	-99.8984996977033	53.76750996039301
1.3413413413413413	57.463229539601606	25.101836782422016	-6.204529840929581	52.036126295552684
1.3513513513513513	58.60725558107837	25.482225289622058	59.04586425518255	52.905871263908274
1.3613613613613613	58.544789562791344	26.283936166910152	44.95060746881586	52.49187992654594
1.3713713713713713	56.2852134694564	26.382137351059814	9.495136938901851	50.423127459052445
1.3813813813813813	58.20458601397689	26.4740289985198	-21.44631558434594	52.1010506874174
1.3913913913913913	55.82495424737624	25.952781683705542	-39.92622351011005	50.195287256524
1.4014014014014013	55.83650796848234	25.674705204523605	-29.140495591994522	50.323679317132815
1.4114114114114114	56.337494993868376	25.369388378560505	8.802530579894892	50.90455106648858
1.4214214214214214	55.662865663955614	25.850932042959936	59.80736632393064	50.092767580239254
1.4314314314314314	54.01918798274464	26.566733049710265	34.55000467521381	48.31552140417565
1.4414414414414414	52.753825493120615	26.542623828249504	21.551708937271314	47.193687066580324
1.4514514514514514	52.66614442141638	26.998198694100083	9.187874101131683	46.926629957679246
1.4614614614614614	52.05995304979987	26.726565251695583	-14.575270898344343	46.49802202675813
1.4714714714714714	50.44451887578276	26.706401478918014	-49.51466113877632	45.063157214436174
1.4814814814814814	50.779901281286065	25.735280744412773	46.07300268422455	45.74303364940109
1.4914914914914914	51.47317493945437	27.628783915038625	80.84909683924775	45.60372583541438
1.5015015015015014	49.60607731254006	27.35388128173505	-14.508319917786821	44.059399726793494
1.5115115115115114	47.907821726235895	27.33832705982768	4.017991065283468	42.5570080340278
1.5215215215215214	49.94690201889505	27.434321543302286	36.46628932661247	44.329851200453
1.5315315315315314	47.68927513180908	28.068382902202302	37.518904702663576	42.08037956379434
1.5415415415415414	48.836539981991315	28.185450766578835	-19.425017216621654	43.04567006373134
1.5515515515515514	46.8910980798457	27.6794936686363	-9.77884687324422	41.52487788050604
1.5615615615615615	46.471435843467724	27.989678056403775	77.15602413366923	41.03577212602416
1.5715715715715715	45.554218722518016	29.224158816457507	3.8344253964621657	39.75590890395701
1.5815815815815815	45.134636480879514	28.06644332960622	-50.803220960370936	39.8269194210179
1.5915915915915915	44.59061880365341	28.20707731574938	22.828422431343824	39.29526319889501
1.6016016016016015	43.4082018988886	28.523468803707196	43.09819220637269	38.13938341259895
1.6116116116116117	41.81996864713374	29.069903986547644	30.236829269599184	36.551805242400945
1.6216216216216217	43.57574922358285	29.128810731026515	27.84975742518054	38.06461801066919
1.6316316316316317	43.66109412197308	29.62745668775246	18.131298380402768	37.95276094256165
1.6416416416416417	41.61201024165634	29.491799687591133	-4.853484223104488	36.2201824464972
1.6516516516516517	43.208464269361386	29.530289836439056	58.72014843295824	37.59547956300026
1.6616616616616617	42.159660068656024	30.667378234797503	-21.661818750313387	36.263328627854115
1.6716716716716717	42.94399068802699	29.096619791387734	-5.41393024484978	37.524498281581074
1.6816816816816818	40.79277425482672	30.55899124290862	59.887363141614514	35.126908651863374
1.6916916916916918	39.889597916363556	30.295566000429066	-22.572472222504075	34.44205871593582
1.7017017017017018	40.491131987672716	30.107089897112743	-48.0066497994419	35.02844729413275
1.7117117117117118	40.299895818314454	29.33447191035015	18.908646503365162	35.13242871964568
1.7217217217217218	40.91471062565056	30.485641378661594	87.96264562269903	35.25851067317484
1.7317317317317318	40.34421023527336	31.09548583673051	3.3853346622111076	34.54706102416396
1.7417417417417418	38.990402794654706	30.55341584637353	16.80602461788976	33.5768043752561
1.7517517517517518	40.986666402604406	31.431942786037613	41.15647133273524	34.97229109971905
1.7617617617617618	40.05991644589382	31.37736922640827	-2.1031865051597833	34.20141485074643
1.7717717717717718	40.58674702622562	31.38983695009848	-12.018951124890236	34.64660060294373
1.7817817817817818	39.99549698536842	31.136749584268323	23.253044885989766	34.23356984429421
1.7917917917917918	42.02004857352989	31.85536337424242	70.81470908752976	35.69111966814839
1.8018018018018018	39.58550536614633	32.55446147791256	24.51024559352163	33.365844394492
1.8118118118118118	40.862444586131865	32.346058981720326	1.625762515585393	34.52190096913519
1.8218218218218218	36.720273114103726	32.58700927602238	-12.566549985803022	30.939566909799233
1.8318318318318318	40.65770329270691	32.09447639942197	-25.53325514956009	34.44411444560845
1.8418418418418419	41.427021539037426	32.075832996751906	28.776803352261823	35.10302043929218
1.8518518518518519	44.1965131983635	32.67058857864643	7.95397344049843	37.20409403417217
1.8618618618618619	44.171752123955244	32.235071704269394	-5.874443256803488	37.36341973014837
1.8718718718718719	42.57112140200725	32.55298210703875	50.360834091298784	35.882952925806194
1.8818818818818819	42.91741210544995	33.2432966110021	17.44852506156053	35.8939904189458
1.8918918918918919	45.128029100198894	32.90230192809101	-51.62235770854568	37.889404833859
1.901901901901902	46.47681212688487	32.20981597619638	45.37652404623418	39.32411722265098
1.911911911911912	46.484818069791885	33.81074084793554	37.11309298895981	38.62331352811688
1.921921921921922	44.858342698295694	32.952820840840225	-22.724347753606025	37.64147674797682
1.931931931931932	46.73681454881443	33.35579895096645	71.48007982716581	39.037965894668275
1.941941941941942	46.293029939550664	34.38385347001271	39.38636427436313	38.20437283382232
1.951951951951952	46.191630303009624	34.144314752255006	-69.00043696250737	38.229415806511774
1.961961961961962	45.8058158598273	33.002463340633184	-1.8370932044922483	38.41491698307901
1.971971971971972	48.40467239634318	34.10753610952243	25.414786707221538	40.07841947563135
1.981981981981982	49.3680093041526	33.5112678793163	-3.73615306131137	41.16192358530717
1.991991991991992	48.615168635555094	34.03273825043711	32.53632901284641	40.28826142521188
2.002002002002002	48.52333222357409	34.16264583753144	52.9795301716224	40.150478423706396
2.012012012012012	50.55528559909769	35.09338950512424	29.074791287687958	41.365146248937954
2.022022022022022	49.59806777902515	34.74472374118886	-9.168967219561637	40.75470374391418
2.032032032032032	53.33333357926306	34.90982659782571	-23.40376913544287	43.7361995128043
2.042042042042042	51.02310487815033	34.276179814553366	-68.46107177536351	42.16205000517899
2.052052052052052	51.950243407443836	33.53923457029091	23.861375511810365	43.300926616654586
2.062062062062062	52.929643553905585	34.75388503000502	103.51942540866412	43.487433747006826
2.0720720720720722	54.8539035007583	35.611695539433335	-25.089457614943285	44.59523167049208
2.0820820820820822	54.6802655525986	34.251593586262416	-4.382328054951586	45.19729103153642
2.0920920920920922	53.36193702430714	35.52396124403891	27.039315154547012	43.42981819675159
2.1021021021021022	55.27484459045226	34.79292121698408	-56.99928179452036	45.392792034273846
2.1121121121121122	56.7794439254988	34.38283448138585	-5.526243844678902	46.8590940610245
2.1221221221221223	57.88018634907916	34.68228570457809	45.07602244802251	47.59603527077732
2.1321321321321323	58.01604500270115	35.28525735321813	45.590930181759404	47.35769983209333
2.1421421421421423	61.09659330559275	35.59501703954825	-12.139071549810069	49.68077944464743
2.1521521521521523	57.808632971812536	35.042232897766475	-7.905932337120248	47.329606392661276
2.1621621621621623	57.41148170650479	35.43674011588218	-21.499715110216357	46.77635907750637
2.1721721721721723	60.735453891791465	34.61180817083522	-60.32893618532944	49.98645216283522
2.1821821821821823	59.181204732600584	34.228953605665374	-4.022719990834503	48.93080866927134
2.1921921921921923	57.981828627504576	34.53127323608378	9.156851745130552	47.76641086661324
2.2022022022022023	58.86631761522639	34.412273960923244	-7.205606724682866	48.56426768211314
2.2122122122122123	60.11236090245409	34.387016845199234	-16.411515468451398	49.60721475572183
2.2222222222222223	58.98978190870973	34.08371509268598	83.55688304543514	48.856496463024264
2.2322322322322323	60.558771701535306	36.059827316579316	40.11555626754898	48.95588046811713
2.2422422422422423	59.38946601101581	34.88682933227655	-47.256336280830055	48.7161915740293
2.2522522522522523	59.01576728701818	35.1137545181643	-29.02609078476803	48.275585596671526
2.2622622622622623	58.52577143940873	34.305726413662576	-17.649888173578802	48.34474347044158
2.2722722722722724	59.310561493291104	34.76040340357814	26.458792876765983	48.726202006277035
2.2822822822822824	59.60435124872694	34.835431976760994	15.180573420832161	48.92302025292179
2.2922922922922924	59.12545155956518	35.06431878737858	-30.152571200713282	48.39463417131369
2.3023023023023024	59.20174444716442	34.231776897667636	-10.386320291285983	48.946149838270166
2.3123123123123124	59.82790251026331	34.8563844472127	-7.478873033900072	49.09400954692404
2.3223223223223224	56.82667776483741	34.082049709801765	5.998694938871495	47.065896733928746
2.3323323323323324	58.94823941253987	34.9764784399829	4.126867462270184	48.30144726917974
2.3423423423423424	56.91622279038655	34.164669679016384	-63.71597222927039	47.094020312825336
2.3523523523523524	59.85030182666736	33.70088340035787	10.130282190654953	49.79219330652368
2.3623623623623624	56.96290124654978	34.36747813128175	32.34565232460204	47.01911818146111
2.3723723723723724	58.49694930902113	34.348444007457005	-23.12304018464806	48.296341011588495
2.3823823823823824	56.39922028192346	33.90455440386137	-54.789028194706816	46.80954510819587
2.3923923923923924	55.15351417907732	33.25156656612153	-17.001688117050662	46.12329351479609
2.4024024024024024	55.30241028942428	33.564180267383875	38.5785192637652	46.081675890967034
2.4124124124124124	56.10225225829263	34.02390929412484	24.88682450546571	46.497779578540026
2.4224224224224224	53.481320805476386	34.062414992218024	-21.79704172466677	44.30541965314676
2.4324324324324325	53.95545094677544	33.5875320824198	4.397273355048355	44.947137474637195
2.4424424424424425	53.4920760085114	34.15044849281959	6.731468565171554	44.26824345409592
2.4524524524524525	53.031605433269945	33.72229621785867	-51.580917256853354	44.108409163633596
2.4624624624624625	50.80898764830359	33.11779749668639	-44.02724774407034	42.555018997538625
2.4724724724724725	50.9655056056711	32.840869836596	7.690867950359689	42.8201975853255
2.4824824824824825	51.955496915604456	33.27176882702393	14.391279608305695	43.43883642756356
2.4924924924924925	52.17800695958509	33.128983542467985	-26.941825644928713	43.69607325022372
2.5025025025025025	49.57311900866249	32.732392938236565	-23.916583266197904	41.70116625146667
2.5125125125125125	48.826626220721536	32.65017306666823	-19.455076920636657	41.11105643891106
2.5225225225225225	48.41329349710046	32.34290190879439	-2.305431812927509	40.902526998162344
2.5325325325325325	47.420722373618226	32.60401827561863	-33.54770980261401	39.9479093342062
2.5425425425425425	48.34077290234539	31.671276086920233	-15.348601127978327	41.141596011810904
2.5525525525525525	45.87367368755763	32.2967389737572	-4.640251240066618	38.77666061139304
2.5625625625625625	44.89950335627324	31.578378164196177	-9.48601289443809	38.25099194069608
2.5725725725725725	46.073165719054664	32.10682880570038	41.314656476213486	39.02667035541043
2.5825825825825826	44.39952088013831	32.40549841397022	-62.1561773957128	37.485472124407
2.5925925925925926	44.67565373598153	30.8624608898703	-39.81384469365389	38.34963406469091
2.6026026026026026	44.29479177485267	31.608424446129302	63.82482179607041	37.7236541450273
2.6126126126126126	44.045440339193014	32.14023510000184	-18.240381650719655	37.29541255963714
2.6226226226226226	42.288255067097424	31.24325164030909	-69.44039976043928	36.15531487968484
2.6326326326326326	40.84362890689242	30.75003690659965	-34.52666865175229	35.101263099909524
2.6426426426426426	42.32504081877345	30.55202704267641	24.91975137156396	36.448968149821965
2.6526526526526526	42.69709288178589	31.24893082795228	11.33446750979283	36.50266487524213
2.6626626626626626	41.512220946025984	30.77894330913873	-56.01806851810397	35.665142392914134
2.6726726726726726	39.65153314328834	30.127447974736985	-34.588304062758425	34.29504991085128
2.6826826826826826	40.93801029914183	30.08648476934377	40.220950218560574	35.422419705791384
2.6926926926926926	41.052655771354225	30.932672203336796	-18.007910848274378	35.21381559771964
2.7027027027027026	40.53951368105244	29.725966033642578	-47.82491886353614	35.20479287434365
2.7127127127127126	40.48014439568325	29.97521637023297	-4.474501974245641	35.06558507905869
2.7227227227227226	39.96124268005527	29.636386414538563	-46.88671515440433	34.73355567585807
2.7327327327327327	39.837409222181485	29.03654339416882	-35.3335252112181	34.83025786379442
2.7427427427427427	39.42182524623404	28.929008532432093	-25.653317050770283	34.50275931274905
2.7527527527527527	41.96226652831788	28.52296347323248	-53.822431470964375	36.86913010216695
2.7627627627627627	39.53546873941816	27.85148237685723	-7.152379916344671	34.95574142085543
2.7727727727727727	40.22287286691105	28.37977268411647	45.53478973215101	35.38874437842512
2.7827827827827827	38.804489503951025	28.763089778902295	-45.777681315890504	34.01666920965962
2.7927927927927927	39.34729394912459	27.463302587702245	-33.70828586609355	34.91310562172025
2.8028028028028027	41.14855040443324	28.088249221022547	21.169931590840406	36.30221598464958
2.8128128128128127	39.80829582840075	27.887125041973324	-14.380816937400368	35.18538854782148
2.8228228228228227	39.329732737102255	27.800344978031546	-8.121928959658362	34.79022289648649
2.8328328328328327	40.69127522741794	27.724523861599785	-5.9038881838043835	36.01969636494379
2.8428428428428427	41.008582461172466	27.682149018395826	10.846751453693741	36.31467483626466
2.8528528528528527	42.58312520494748	27.941676042854912	-24.37512660140851	37.61899872920167
2.8628628628628627	42.46452470925556	27.194158495845105	-43.34527621253301	37.770622326703304
2.8728728728728727	43.12577927455263	27.073902745306707	4.5879318120144035	38.40006523235955
2.8828828828828827	42.522339835764896	27.28600898257212	-1.0329663271097616	37.790845212479525
2.8928928928928928	44.07925618903883	27.05322273875796	-42.68700654344252	39.256298921680155
2.9029029029029028	44.19346232975266	26.431414256977675	-4.4590876493775795	39.573824257137176
2.9129129129129128	46.41430678518654	26.9639517147464	27.812116953457235	41.36869944400138
2.9229229229229228	45.49387970804647	26.988213395185028	-23.767207875586564	40.539591568294284
2.932932932932933	46.33052156519851	26.488131737257177	-16.283800043226165	41.46705697317172
2.942942942942943	46.20883286639387	26.662211392317634	-25.18234255637435	41.295333804054806
2.952952952952953	46.559828768823564	25.98398073512756	-37.406762419495635	41.85340180395673
2.962962962962963	47.9791822055011	25.9133272597952	52.818347454010336	43.1551706281658
2.972972972972973	46.889431914027234	27.041405108581223	-12.414229535382447	41.76339541838718
2.982982982982983	46.808757734278316	25.66479413596372	-25.74504470632337	42.190760942133686
2.992992992992993	48.74737351359879	26.52598879814432	-5.366405995500145	43.615829082407316
3.003003003003003	51.63397034172618	25.557358580498253	-6.255157327070947	46.58178509152553
3.013013013013013	49.404866955827465	26.400760423227982	-1.1071667374219487	44.25222879603146
3.023023023023023	50.54819202363962	25.535193080249567	-54.525771418351724	45.610678952207536
3.033033033033033	51.27811822275803	25.309153387825546	5.870732878517401	46.3561503464165
3.043043043043043	52.875565973658084	25.65272527000967	3.826663962765224	47.66386077881153
3.053053053053053	53.20054997301539	25.385763276969993	-17.764115485881348	48.06360306453109
3.063063063063063	56.02587326694953	25.29708732234438	77.3901256168815	50.653231451583416
3.073073073073073	53.15858241950511	26.935115141171828	7.800823476990672	47.39194345411445
3.083083083083083	55.65745656537708	25.453259964526378	-84.90622947205452	50.25513127266228
3.093093093093093	56.29280972764481	25.23529072731688	-55.8507776748836	50.92048441208524
3.103103103103103	56.46523691088871	24.33512627734152	-25.64577066622519	51.44834683369018
3.113113113113113	57.21757829543841	24.72186188515021	77.74697401510025	51.973511102434806
3.123123123123123	58.59974009056421	25.891622253619804	-40.47871142685608	52.717594176734835
3.133133133133133	59.85795773537384	23.91147727199994	-49.63656314089258	54.720515656477616
3.143143143143143	57.055261315689336	24.897897265814144	64.09661931824144	51.75251483532457
3.153153153153153	58.65033896057509	25.194692873966734	-13.378737084620525	53.070726186438556
3.163163163163163	59.56160382087856	24.63005468153746	22.664240259192184	54.14254750147127
3.173173173173173	57.33815119178589	25.648431417694308	25.768167278242345	51.688449276627935
3.183183183183183	58.293539493221864	25.145933906327095	-19.721457430717464	52.768969132359246
3.193193193193193	60.56998424164609	25.25360744510737	-7.85324721984648	54.781207038486464
3.203203203203203	59.832269336221145	24.988711739763602	-6.32513178674094	54.231432383993045
3.2132132132132134	58.40083978791535	25.126978180107567	-21.476410860412443	52.87430763516199
3.2232232232232234	59.66968497799637	24.558753564379995	33.868159441025455	54.2716996362143
3.2332332332332334	59.97222935717499	25.805019410158128	-9.583184060604708	53.9918369934329
3.2432432432432434	60.4027677011716	24.366898027631155	2.298340511695187	55.02222053660777
3.2532532532532534	59.52599710382471	25.85103223321509	22.60452060891248	53.56927596138698
3.2632632632632634	59.92837694066678	24.819440982764537	-74.53622680027638	54.39309853795657
3.2732732732732734	61.20068517744493	24.358815480456805	10.683316261483697	55.752622658077776
3.2832832832832834	59.42029837816794	25.033321188199643	18.563117873610736	53.838465715617744
3.2932932932932935	58.89017573935169	24.730449471920483	6.306911062155223	53.489120776732484
3.3033033033033035	60.788652255610884	25.15958567392848	67.20802476646054	55.021459953282246
3.3133133133133135	58.350896395348784	26.07595547325102	1.691842241081531	52.41148234705292
3.3233233233233235	58.86518722460834	25.193456389465645	2.848095402684521	53.26567595170811
3.3333333333333335	61.360644268739684	26.132974400231696	5.1177437900546465	55.08800558088034
3.3433433433433435	55.896758120656685	25.295913722599874	3.248164214639246	50.53698713335148
3.3533533533533535	57.039497984362455	26.198002712837084	-19.813572726402754	51.18004480705201
3.3633633633633635	57.54177942370677	24.899245599949168	-17.896413632248596	52.193245586612484
3.3733733733733735	57.92952729149408	25.839716153632907	77.69813699304245	52.13755140812243
3.3833833833833835	54.94408515207407	26.454763858068137	49.897644657327646	49.19069025028669
3.3933933933933935	57.755250615082886	26.83866799862445	-20.53553574068087	51.53393155688593
3.4034034034034035	56.897867945852745	26.043642021417867	-24.990952996393844	51.120451585652766
3.4134134134134135	55.16683709784891	26.33834861931727	-3.6203723851033374	49.43994996235661
3.4234234234234235	54.25069991390565	25.97116209378817	37.214413165661654	48.77216975502994
3.4334334334334335	55.8538005639047	27.08338191592711	35.40700164473674	49.729146116817496
3.4434434434434436	53.089490472197916	26.680010975564684	-18.029157664343757	47.43695101029079
3.4534534534534536	52.40665928334119	26.722437818542854	-0.3068835848048366	46.80938492085042
3.4634634634634636	52.80662623702665	26.673867160053074	-21.33792639582566	47.18674607817405
3.4734734734734736	52.65441745015778	26.29525210491271	29.907724503767895	47.20590382634019
3.4834834834834836	52.17220384885479	27.27262040337175	81.49913648187885	46.37254880651472
3.4934934934934936	51.015371964632955	27.926866448894266	35.83134235181865	45.074433801994374
3.5035035035035036	48.54302888928939	27.98996459459935	-18.3661716400934	42.86494146362657
3.5135135135135136	48.35793686335864	27.559175324968475	-21.795222438096744	42.87092929142655
3.5235235235235236	48.65891148218476	27.553623805047863	23.083642013756844	43.139934472538776
3.5335335335335336	49.061845777317075	28.02131030021886	41.09291357836264	43.31046880498797
3.5435435435435436	47.24218867785499	28.376304757567638	-16.165336123970064	41.56581279376261
3.5535535535535536	46.58934304049286	27.69767994738663	18.679963291539252	41.25078425689184
3.5635635635635636	45.973710378263654	28.75027799663749	39.28150559999085	40.30627465676447
3.5735735735735736	45.05732604659646	28.48409647591497	1.4039745405586928	39.60311524615254
3.5835835835835836	43.01041439583789	28.778385595047073	5.173555060306853	37.698127390108915
3.5935935935935936	44.615625976920754	28.587671151796993	-51.14110157650566	39.17635474613166
3.6036036036036037	46.434583566776595	27.754539717639553	-36.45647951103683	41.092319211625785
3.6136136136136137	41.97354690292272	27.857811702126583	89.22598816900086	37.10922998196716
3.6236236236236237	41.727929680537905	29.540845787089022	86.30037646390338	36.303483646093625
3.6336336336336337	42.82355083121461	29.58554696666919	-6.91513697226992	37.240194869219025
3.6436436436436437	42.993455339057014	29.402404606462994	22.35585905027142	37.455606277986696
3.6536536536536537	41.48289693806726	30.033111712420375	18.886661804815958	35.9132499151282
3.6636636636636637	39.5364389040642	29.78051595390676	-41.79652771382371	34.315035557505645
3.6736736736736737	41.15187236628118	29.1963443908223	-2.3465155322264764	35.92365875530224
3.6836836836836837	40.70850300679685	29.733538665974297	70.01384102065072	35.34887620820442
3.6936936936936937	39.82496554493292	30.598022889734228	37.838857941727156	34.27972109491704
3.7037037037037037	41.72834543085785	30.491073359502366	12.629876690034507	35.95765843540556
3.7137137137137137	39.38561732978869	30.850873273919103	-1.3812725401630814	33.81274595549275
3.7237237237237237	41.012569019983395	30.4634202555952	-4.35138671036384	35.35090756388634
3.7337337337337337	39.77279239397071	30.76375842486277	58.31730590843904	34.1761086285258
3.7437437437437437	39.01185164941907	31.63093388739578	-5.066111275693629	33.216403543029834
3.7537537537537538	41.02559571739672	30.662334775699733	-39.81650174879496	35.28971313285286
3.7637637637637638	39.14774209271772	30.833806725257745	41.5889117494487	33.61450714524166
3.7737737737737738	39.093796512567515	31.49494562153454	13.117586047936129	33.334742884663754
3.7837837837837838	40.72286241503608	31.09642106055176	53.857615888575765	34.87096052698467
3.793793793793794	40.85123999121249	32.57317616985438	31.620863608672607	34.425525317122045
3.803803803803804	41.3547547473823	31.72947138304771	-53.77571954223254	35.17390240792151
3.813813813813814	41.22779131065834	31.4965851880279	-16.043995905900374	35.15375456156608
3.823823823823824	41.77735012734387	31.40827026381046	27.02346940714233	35.65594830278178
3.833833833833834	40.64863342910151	32.03759558656929	20.262032265813787	34.45785461456653
3.843843843843844	41.99315681213374	31.813916555418345	6.1728274172974125	35.68430128329554
3.853853853853854	41.03199428157158	32.16117571504371	46.78233167536541	34.73580114294735
3.863863863863864	41.70229435836407	32.750499772142376	12.477396810103983	35.07305970182925
3.873873873873874	41.77170275691044	32.410973448979725	43.68364607458966	35.264727746807594
3.883883883883884	41.39453207815671	33.62504724110313	39.26692395633381	34.46836760357645
3.893893893893894	43.606182798139365	33.19709805271013	-18.667064686157573	36.48930690711099
3.903903903903904	44.652291134628335	33.25133223237125	16.012448223900947	37.341523628337484
3.913913913913914	44.38161918976186	33.51766758672216	19.22255999268964	37.00164776064254
3.923923923923924	45.48588651926436	33.63616826826093	-20.721008240453784	37.87026383924678
3.933933933933934	45.13726134906345	33.10283258691328	26.406033778262554	37.81110997937811
3.943943943943944	46.36058758159867	34.16481759315107	3.4063993245313213	38.35993537205623
3.953953953953954	46.90271376386401	33.17102876958658	-5.4129113568983485	39.25949809870015
3.963963963963964	48.799263955111115	34.056450999419376	33.78063848151169	40.42951784050755
3.973973973973974	49.25333675190196	33.8473178282755	-13.026415515432745	40.90611608686931
3.983983983983984	48.63818095443451	33.79566190001131	59.31773161357023	40.419621483860126
3.993993993993994	49.80648122878392	35.03486000272135	21.162018579972937	40.78169207941586
4.004004004004004	48.98694848994615	34.219325935646324	-64.88354136317366	40.50686368013271
4.014014014014014	51.84408818548042	33.73589020566077	-15.585426124030391	43.113875699483685
4.024024024024024	50.80166995521956	33.90730539262269	13.357105817317006	42.162397100250686
4.034034034034034	52.87981640143273	34.003299731532984	34.13819678436789	43.83765158167526
4.044044044044044	53.8648251664404	34.59075277569312	54.313674179970576	44.34303254403863
4.054054054054054	52.37941773779737	35.09066057597684	-50.24294630332929	42.85911466891199
4.064064064064064	54.38517082381128	33.584887984835675	-14.924836300438528	45.30650041366744
4.074074074074074	54.1768329354546	34.79186505444654	78.3064771213185	44.49165306291007
4.084084084084084	55.18661909824004	35.15258522450171	26.841356532529744	45.12177409882336
4.094094094094094	57.202523346804725	35.32922954959228	-31.946464605149913	46.668260449855715
4.104104104104104	55.2072385877994	34.51301636353775	-10.412152904600134	45.49062614176367
4.114114114114114	56.903711291190604	35.120778039990675	23.884947411356507	46.54388652535406
4.124124124124124	58.334415854604536	34.99119348889023	17.039890458966283	47.78989820888231
4.134134134134134	56.17428330741967	35.461916988118126	7.2661526150106965	45.75402771399581
4.1441441441441444	58.15516213391467	35.136662009711266	12.619056859973853	47.55822268673286
4.1541541541541545	57.767500045912655	35.714550759088574	7.435076443561229	46.90347278993362
4.1641641641641645	59.0883061794764	35.28551238896174	-29.147560732947568	48.232819957150014
4.1741741741741745	59.386402781189055	35.131016009680216	-1.6134074170063286	48.56847642273697
4.1841841841841845	58.02033275119571	35.253211940172825	-1.4890333040598307	47.379937496364185
4.1941941941941945	60.002780008932206	35.10120553312246	-20.809721675878563	49.09053155987642
4.2042042042042045	57.761242051812744	34.836600895610694	-0.5386250896119691	47.4095302294061
4.2142142142142145	60.334807258694255	35.090422248045144	20.093875237796055	49.368704188231774
4.2242242242242245	59.31438223864539	35.238880680151155	-4.282823714178221	48.44523199987955
4.2342342342342345	61.16088263394929	35.00468003154508	-37.403782225825125	50.09719643381782
4.2442442442442445	59.80467309393923	34.490056211165665	-21.124562570847957	49.29247540679618
4.2542542542542545	58.83037123832187	34.58176586596254	49.69374964301619	48.43604714908162
4.2642642642642645	59.966051467276294	35.484926073888715	30.602809515729177	48.82845281382115
4.2742742742742745	59.22371723459337	35.1944347251363	-39.16878251875005	48.39767412036188
4.2842842842842845	60.60773849632843	34.70076626370353	-40.71827351991578	49.82782960699775
4.2942942942942945	59.67595879790088	34.37925407408693	-64.37137657802623	49.251643565955085
4.3043043043043046	58.78992580205903	33.4120500158952	33.918537353129295	49.07383656846417
4.314314314314315	62.79950328097009	35.058303870946375	105.64641746795974	51.405660789769385
4.324324324324325	59.02266933911838	35.52709340864714	-38.35339902736041	48.035058251692504
4.334334334334335	60.029957612827864	34.2904680545828	-66.65724127673116	49.596272746026806
4.344344344344345	59.17113214513601	34.19261410380768	-3.4086714208103785	48.94358092064962
4.354354354354355	57.19327090937504	34.22222638449651	6.464882897363168	47.29096905971126
4.364364364364365	56.90227551752893	34.322041188839975	-21.50096778254624	46.99453380119341
4.374374374374375	56.85098381097114	33.79177657904013	8.848839471923156	47.24682326258955
4.384384384384385	56.56640393733797	34.49919513222182	23.099503866429586	46.61830495507959
4.394394394394395	55.695056291757595	34.25422910889858	-40.25240668205288	46.034648815836384
4.404404404404405	54.29809137579871	33.693341144593134	-75.60548204490829	45.17702196640972
4.414414414414415	56.940521864923255	32.74060584473625	-41.65045126423729	47.89425015091501
4.424424424424425	54.477065642645	32.859498276440235	30.59159219396838	45.760932262938084
4.434434434434435	53.29757184190492	33.35305013290379	6.731454652355296	44.51939051296775
4.444444444444445	52.168990314316275	32.99426213334424	44.078119504095184	43.75544195391077
4.454454454454455	53.20092318751789	34.23549496782061	45.156151244007106	43.982916410020344
4.464464464464465	51.777849086001005	33.89828918527632	-96.21624823025718	42.97711312148435
4.474474474474475	51.47019904336664	32.309243751999645	-71.09883838663222	43.501357031268434
4.484484484484485	50.0479928587678	32.47488901737577	19.25975122715431	42.22183040124924
4.494494494494495	49.35525386514917	32.69482435714788	-7.585879085748047	41.53538668912964
4.504504504504505	49.73128914303754	32.323019566209645	-26.299600379217964	42.02528066245122
4.514514514514515	47.765358881932755	32.16830583103741	-9.390121639769177	40.432793868524506
4.524524524524525	49.78706577613127	32.135029142991044	-47.350588671925834	42.15953195728791
4.534534534534535	46.29594237822941	31.220346097865722	25.414775127015673	39.59137564774999
4.544544544544545	46.77745545654726	32.643833449838205	8.05796767844572	39.38848720684833
4.554554554554555	46.91764912726585	31.381666772108876	-76.09035664518501	40.0544164172438
4.564564564564565	45.16788270371436	31.120502986471138	4.6750389177072975	38.66741999268629
4.574574574574575	45.16776850901248	31.47526114483575	39.53922229162026	38.52203989315775
4.584584584584585	45.54424136846573	31.9120790083254	28.972470452031075	38.66069676105295
4.594594594594595	46.125078161482485	32.05529058331485	-21.614137170781532	39.09267936623345
4.604604604604605	44.514777048640994	31.47936354945089	-14.218292151778769	37.96346161068814
4.614614614614615	42.27145497528289	31.770640089785747	-0.45187861807471563	35.93761039825058
4.624624624624625	42.220284293826914	31.470316930470418	-66.68938110120394	36.010133892134625
4.634634634634635	42.8867424245147	30.4355173450169	6.396161311794913	36.97694142316683
4.644644644644645	42.389116767114565	31.598368207983828	-10.332401643109506	36.10458503144559
4.654654654654655	41.52128827824392	30.22866245726696	-64.27821653204319	35.875350385286374
4.664664664664665	42.19848007439961	30.311517026161145	27.89717351158515	36.42969963903268
4.674674674674675	40.438364659216724	30.787164429470867	-10.711163111288442	34.73957132708316
4.684684684684685	40.862154711638446	30.09707932623545	-49.66486931410873	35.35299577899289
4.694694694694695	40.68193997638249	29.792872751510732	37.26956264093792	35.30489679451967
4.704704704704705	41.32068749362949	30.843216716444417	37.432376911891424	35.476844474289166
4.714714714714715	40.29770573476262	30.542269686683735	-90.54389562943129	34.706580081461986
4.724724724724725	39.91281142016814	29.0305261132526	-55.81196078040921	34.898217104256716
4.734734734734735	40.05759636855933	29.42491311450337	-21.028369230347835	34.89017749386477
4.744744744744745	41.206589723010865	28.609537740272664	-2.316096212995717	36.175400186332446
4.754754754754755	40.96110729708077	29.3785448219509	-20.56801900213941	35.69340959137403
4.764764764764765	39.90632264321444	28.19776558807768	-4.7153848499899595	35.17031529006824
4.774774774774775	40.22228136432728	29.284142722852003	-19.99044103120127	35.082062100506086
4.784784784784785	38.286653792124	27.797556558424002	-25.524853454304548	33.86840702350265
4.794794794794795	40.19052991902089	28.77313464568875	62.31820497149761	35.228304566987944
4.804804804804805	41.50478785565938	29.045168269565096	-33.74033137535298	36.28503130626469
4.814814814814815	42.45895623490245	28.097652536072072	-69.00622685074472	37.45500533155758
4.824824824824825	42.261479985914995	27.663662226507142	-8.653977611042592	37.430496542980016
4.834834834834835	40.51554053101276	27.924399731046197	-19.882463257657037	35.798165405103155
4.844844844844845	43.64595099617683	27.265614914041535	-35.927325590158716	38.796550785060965
4.854854854854855	42.97139193080825	27.20513395346544	16.622919788018635	38.217699391467
4.864864864864865	41.67552457853	27.598406100988853	25.897704278124365	36.933536161584094
4.874874874874875	42.079818635379425	27.72360651158605	-37.39421722959469	37.24914089535611
4.884884884884885	43.05685750500003	26.849773123419393	-48.40889642378556	38.41506140757532
4.894894894894895	43.76200727171374	26.754459436034786	-2.910204454955192	39.077017826456306
4.904904904904905	42.87007979099599	26.791510771968838	-26.81063359040718	38.26808874136355
4.914914914914915	43.77260152728987	26.217710014805412	-77.94014863889879	39.26935762072668
4.924924924924925	44.9664714094539	25.231147435854748	2.163996288437829	40.676465636379135
4.934934934934935	46.59172590573433	26.26103326382319	14.846166218328108	41.782879948681604
4.944944944944945	46.650494563539176	25.528367980766223	-22.3155976071198	42.096101077268365
4.954954954954955	48.044096590722425	25.81427455296994	21.156109235056647	43.249791127825105
4.964964964964965	47.4596140098123	25.951913711197786	45.67394339037446	42.67386431307321
4.974974974974975	49.88396855152147	26.728667814038495	0.1407621831385768	44.553689960602796
4.984984984984985	49.52790454113232	25.954731772922283	-72.54303581302042	44.53252572747979
4.994994994994995	49.37135497787926	25.2763547847488	50.8480469686383	44.64448406513283
5.005005005005005	50.52936280258348	26.97271069121334	-4.311600370020187	45.032912795362286
5.015015015015015	53.1522458057085	25.19003645902267	-68.95895305241015	48.097524652814464
5.025025025025025	51.58687705046755	25.592151070544467	-16.140995800772316	46.525776716550595
5.035035035035035	51.54597222022531	24.866893399948147	-14.908269620535066	46.766997993824795
5.045045045045045	53.51580044895406	25.2936872142775	28.030260144204703	48.38522085856846
5.055055055055055	53.95942016936343	25.428059769201496	-21.301323190388757	48.73210780703244
5.065065065065065	53.51990055420015	24.867234297553	-17.161944227594176	48.557783892036475
5.075075075075075	56.14608743152641	25.084477302182595	9.747910291529706	50.85059568956361
5.085085085085085	54.12204728283055	25.062387656742786	4.388148122209259	49.026298142705265
5.095095095095095	56.00223114288106	25.17232811544004	3.232287295833885	50.683843940659074
5.105105105105105	55.9619756734567	25.127098113115835	26.05540921038164	50.666186024827546
5.115115115115115	55.21646691172787	25.693957929461693	7.484195895456878	49.75681436563232
5.125125125125125	58.93974921614522	25.276931864776632	-4.34926386357256	53.296535640070395
5.135135135135135	59.207507886074794	25.60688557984062	9.38908432305766	53.39218160347694
5.145145145145145	59.56095728529719	25.464901520893903	-18.750532642113512	53.77454114674426
5.155155155155155	58.722433626787016	25.231499540959465	12.096661034890758	53.11989269825744
5.165165165165165	58.190211719466745	25.707076916987813	-42.36617615672412	52.43074536795013
5.175175175175175	58.63421574219692	24.383327846130157	-54.374777674584266	53.404268209602435
5.185185185185185	59.239371203619626	24.618492779358498	93.32311471417825	53.854613242797335
5.195195195195195	57.95453091154321	26.251658471038628	25.01749890873134	51.9770970445252
5.205205205205205	59.532876872717004	25.11934360836213	-48.627614670608864	53.9025868083029
5.215215215215215	60.859973569479884	25.27813265180722	10.436216756422482	55.03236258767525
5.225225225225225	61.07862407676718	25.328276876758974	-10.891423030929445	55.20722926922521
5.235235235235235	61.03080499462551	25.060086144681506	35.804338521069894	55.28561453884539
5.245245245245245	58.27759098479416	26.04508045075437	-10.759374288526715	52.35943499199171
5.255255255255255	60.27890672881495	24.84468325602231	3.986974883487619	54.70009900117577
5.265265265265265	59.286249944071216	26.124899767741105	59.58966279366723	53.229347344691334
5.275275275275275	58.736340347214984	26.03766949813777	-88.67090278780847	52.77493319182212
5.285285285285285	60.53463160617011	24.349706518735932	-18.880453191555944	55.14982960032942
5.295295295295295	60.048499542704704	25.659682447255772	44.01199451941943	54.12663378353563
5.305305305305305	60.36953993094731	25.230827530135723	-18.263625072069544	54.610155085790694
5.315315315315315	59.55236556460829	25.2940443076748	37.68509859532196	53.84289966186302
5.325325325325325	59.50292586983389	25.985283958470493	36.32498356131805	53.48757334171299
5.335335335335335	57.75347886905935	26.021271205799284	-15.78502115368019	51.89908021174718
5.345345345345345	58.46736876593931	25.669267518957376	-50.383161410995854	52.697194852658804
5.355355355355355	57.23101976833921	25.012599305679245	48.843709462917786	51.86359894374106
5.365365365365365	56.82253243692917	26.647119560257032	58.94962436186211	50.787167001306685
5.375375375375375	58.22608705469033	26.192771965576387	-19.70458774658391	52.24708656258774
5.385385385385385	56.52656808012151	26.252633319084183	25.09611975547341	50.695988978903195
5.395395395395395	54.87309535677523	26.695196785505786	10.861955590191656	49.02412012809876
5.405405405405405	56.72686405227775	26.470089887456385	-43.76760893523465	50.78002625845757
5.415415415415415	53.30153745446858	25.81896837839398	-36.583109380598216	47.980691978947725
5.425425425425425	53.963997077209285	25.73769530526223	92.61276413699898	48.61031089316268
5.435435435435435	54.14632737038746	27.673077770526092	43.9130513820262	47.95263449760861
5.445445445445445	51.07852478237132	26.616835473070562	-106.9065768564501	45.66535712385631
5.455455455455455	51.71857759122665	25.53280596158815	2.470693948225744	46.66767085228266
5.465465465465465	51.247488330109405	26.66629881537738	94.17526371960048	45.79657596932003
5.475475475475475	51.01628925946994	27.418196626645216	21.613574593417297	45.28558791034681
5.485485485485485	51.71486720972239	27.099003011441795	-44.38459527021632	46.03764690608858
5.495495495495495	50.671923969217104	26.529616140755	0.9028736887737523	45.33635293492976
5.505505505505505	49.736292644411876	27.117078560766593	67.62986048124799	44.2691290316242
5.515515515515515	48.193986080637735	27.883567301540747	-22.77644425538574	42.598654571404055
5.525525525525525	47.53451226919726	26.661093690788903	-32.36734438928033	42.48046654062757
5.535535535535535	46.19450029941908	27.235572418872472	49.1185819455377	41.07302737893031
5.545545545545545	46.14406193703745	27.64444868469356	7.505261175031592	40.87643572812774
5.555555555555555	46.45833365019936	27.38582789785208	33.45263919954823	41.251710488780176
5.565565565565565	46.016855630996126	28.31417119119102	75.74515693571584	40.51140217417167
5.575575575575575	45.28288621045358	28.902247456124673	29.549101541654636	39.64270209936878
5.585585585585585	46.111027317934955	28.90574479562855	-44.89103518045658	40.36633413397998
5.595595595595595	44.277690517930715	28.003528033092508	21.61932491716061	39.09360020284586
5.605605605605605	44.82926303939269	29.338564113289422	49.68923739887646	39.079447681487615
5.615615615615615	44.347528238028374	28.998307560597542	-32.88503683989279	38.78785722693778
5.625625625625625	43.44253565696507	28.680205017395675	-14.06834045071264	38.11265882528085
5.635635635635635	40.944995749075154	28.716659103125817	69.26458342268984	35.90902736002395
5.645645645645645	42.10676023803233	30.066883364196272	32.76800816037644	36.44092285173049
5.655655655655655	42.32526402828299	29.37267528251273	-21.172480655193112	36.88425936988099
5.665665665665665	41.01991866361015	29.643009877605817	38.738295108172	35.651391694655175
5.675675675675675	40.94879303897336	30.148216726119777	2.00852710562026	35.40961182925895
5.685685685685685	40.36532934639665	29.683220630471087	8.951484257378752	35.06845257253533
5.6956956956956954	41.18307512039203	30.327425620161396	28.154843171378843	35.547333995969005
5.7057057057057055	39.81329309374437	30.246881154422617	27.584215123890544	34.39322788237148
5.7157157157157155	39.91974212937946	30.879662159178224	-2.509108177460803	34.26100448967474
5.7257257257257255	37.20627395617006	30.19664875847746	19.25437964145908	32.15753967308962
5.7357357357357355	41.59072690970378	31.2651352250733	35.69332290743296	35.55070535747278
5.7457457457457455	38.289668863337084	30.911229797665303	54.3678477451208	32.85116652087331
5.7557557557557555	39.34431147217042	32.35358062537602	-4.209987635401376	33.23656979126728
5.7657657657657655	39.10648543541099	30.82694576092053	-87.31223843846419	33.581481760002404
5.7757757757757755	40.451591397649764	30.605587863845205	77.70352551677524	34.816376386674904
5.7857857857857855	40.65520197643854	32.38257189739251	60.79500061569274	34.33294701071223
5.7957957957957955	38.84583293902591	31.8227049932885	-49.841501766546116	33.00667517332312
5.8058058058058055	40.552668027019635	31.38474403419839	3.4881865594506962	34.619386672717006
5.8158158158158155	40.821495605529165	31.89253855804227	1.3219407815122395	34.65910292642573
5.8258258258258255	40.9055543390139	31.411209315109545	21.077690143710242	34.91079834608035
5.8358358358358355	42.10732300245619	32.314514336695126	-5.891593344337707	35.586012087253636
5.8458458458458455	42.70495076723412	31.29325949840609	10.807365562581026	36.49223207400276
5.8558558558558556	40.232070799095325	32.530878011621674	129.61651323635556	33.91972970922555
5.865865865865866	43.1564535049005	33.888184688323115	38.49148561859283	35.825349511898004
5.875875875875876	43.07775996167781	33.30147832430622	-46.72694744912337	36.00409864940427
5.885885885885886	42.18642068684523	32.95271026491724	2.3992263792022186	35.39946115811884
5.895895895895896	45.33263738917424	33.3495108844504	46.792146348960614	37.86783091637976
5.905905905905906	43.36766918442572	33.88948997160314	20.103213824984095	36.00013452883849
5.915915915915916	45.342198821645894	33.75197762769333	-17.325542428746758	37.699790965010685
5.925925925925926	45.53270871045038	33.54263226532193	-36.95731455271334	37.9503702780517
5.935935935935936	46.09689189848663	33.01209145046183	31.015591270516325	38.654807352670566
5.945945945945946	47.6531788627492	34.16356502349042	22.580836441575457	39.430043465162335
5.955955955955956	45.77523264734932	33.46416024809097	-20.288658776112015	38.18711387019173
5.965965965965966	49.260944658558365	33.7573856686133	13.226057829381489	40.955450376549024
5.975975975975976	48.27145327957178	33.72894619062113	-28.817649145255928	40.146098397313956
5.985985985985986	49.02116691284777	33.180455755795364	19.836336261461838	41.028316866862795
5.995995995995996	50.11513418780978	34.12607003969944	101.35515420212982	41.48556635752492
6.006006006006006	51.4209076675276	35.20958797205422	-23.73536736498272	42.013371659952135
6.016016016016016	51.36588015852087	33.65088750986996	-45.64489622127985	42.75846957210664
6.026026026026026	51.03999702643817	34.29577623589246	19.237001104351748	42.16617470125706
6.036036036036036	52.347144248213986	34.03601265710423	11.26515139138769	43.3793421248139
6.046046046046046	53.82850590245974	34.5213047922766	29.91617972866129	44.3501414235859
6.056056056056056	53.062897640930764	34.634935174194545	-13.00229352166275	43.659620595503036
6.066066066066066	55.26120355374289	34.260998615666736	-36.74404913713647	45.67237327515819
6.076076076076076	53.19167829901059	33.89931857485247	65.65498627176066	44.15009928760184
6.086086086086086	55.75384101173808	35.57541275524152	58.495020751485754	45.34741399865711
6.096096096096096	56.524072318223006	35.070390061368705	-52.40230114572546	46.26194417035557
6.106106106106106	56.56838292511493	34.52631763720898	-15.824476077360714	46.60476366989895
6.116116116116116	58.42726829229708	34.75358373349361	41.584877539223726	48.00450293431311
6.126126126126126	57.89465524283513	35.35884771807432	1.5447183065580248	47.21561845114424
6.136136136136136	59.05967401382116	34.7845090249162	-91.98011388754321	48.505915919334406
6.146146146146146	58.78547310010975	33.517403996601985	-3.261826524261778	49.01051463671148
6.156156156156156	57.67164285231916	34.719207192598645	54.292388230759116	47.40338885273672
6.166166166166166	60.17902540590346	34.60433869591648	45.279092669040665	49.53295661248964
6.176176176176176	59.162623738051984	35.62569553432118	32.604706557313875	48.0897242201587
6.186186186186186	57.9609282811187	35.257085573940785	-22.13949440443298	47.329165369206095
6.196196196196196	59.141459540169066	35.18246241311131	-0.9620144824818908	48.33757456175906
6.206206206206206	59.90299900344568	35.23782602474195	-8.374250175390216	48.92662303392821
6.216216216216216	59.66314413007676	35.01480975694734	14.485590595397298	48.86433934320235
6.226226226226226	59.60872229006275	35.527827838463615	21.433688662900295	48.511568071972455
6.236236236236236	60.81015024746288	35.44391263308148	-50.1816357902469	49.5410311274404
6.246246246246246	60.45576600953295	34.52319048530552	-10.271293244250273	49.80931626871312
6.256256256256256	59.91040989970156	35.238281136700095	12.880053647957766	48.93240141732597
6.266266266266266	60.406983246740865	34.78104941719656	-6.179006409002795	49.61454644240511
6.276276276276276	58.292258926809026	35.11457730468803	-30.113899461131723	47.683265819888796
6.286286286286286	61.464774732970206	34.17816854710384	-54.67602110120583	50.84948146799886
6.296296296296296	60.76543342084741	34.01996226762685	17.972859581111152	50.36498562088573
6.306306306306306	58.36316175123144	34.53798555573469	-4.3673006549995534	48.07668341053529
6.316316316316316	58.068753557692474	33.93252882108031	-43.02327911968882	48.17938351222059
6.326326326326326	58.32770338582416	33.67665864643161	24.351565457774768	48.539153309459834
6.336336336336336	56.725606914300194	34.42004764906379	74.95534065178595	46.79384754992131
6.346346346346346	57.71279104578085	35.17726606688779	2.317765747019621	47.17290901082381
6.356356356356356	58.203463319157706	34.46644936572084	-89.98561532170675	47.98629450494144
6.366366366366366	56.18993357447753	33.3757522466334	-21.60220102345511	46.923132077986736
6.376376376376376	58.53348528446371	34.03397286875477	16.956400480939237	48.50704225473588
6.386386386386386	57.239136573435864	33.71521972372928	-9.83544750566034	47.61189770893703
6.396396396396396	54.55019280021864	33.837067012785596	-31.789484498088314	45.31072142250051
6.406406406406406	55.980642021279586	33.078793607651434	-29.188292986899114	46.90734340884669
6.416416416416417	55.72850230482391	33.252716802837725	63.95072947613676	46.603526053523986
6.426426426426427	53.35347263830743	34.35908849205855	69.82601382339976	44.04418251816724
6.436436436436437	54.08434701975958	34.65063499750038	-23.97699801056706	44.491634447125634
6.446446446446447	53.71320249704237	33.87906851186701	-66.1703271252311	44.593559427890405
6.456456456456457	53.06202731472866	33.325903723721986	-24.180701454518385	44.3364576568074
6.466466466466467	54.90543895150265	33.394970384649426	-19.115900092382162	45.84034141143962
6.476476476476477	51.01450605715127	32.94320302117179	-37.88115419658811	42.811886350070075
6.486486486486487	50.86209470447386	32.63658891925227	-14.383586009414557	42.83138538130279
6.496496496496497	50.30585043725441	32.65524334130363	-5.335025112209905	42.3541321565925
6.506506506506507	50.59295820790582	32.52978160969852	-46.99438888099667	42.65553273362694
6.516516516516517	49.867275019615704	31.714414735077472	32.404384109338025	42.4210377586171
6.526526526526527	48.74767811484128	33.178518028303884	39.14173985690877	40.800322368495536
6.536536536536537	47.08096460710408	32.4980331506312	-85.60985306550515	39.70855116791847
6.546546546546547	47.090193643049474	31.4646070560215	-50.57263116395848	40.16618159755402
6.556556556556557	45.783976408428266	31.485568062263663	-28.39859858902105	39.04328153575683
6.566566566566567	45.79168594974407	30.896066543728786	-9.19971211181155	39.29385300414569
6.576576576576577	45.427924150895755	31.301389641606775	9.597462498044251	38.81571850736636
6.586586586586587	44.37907135574279	31.08820793508102	31.298397134637526	38.00505508851534
6.596596596596597	44.99826372689836	31.927984178836756	-15.842261408507511	38.19063338901469
6.606606606606607	43.63474988388916	30.77104554452031	-17.782829034298857	37.49178645497936
6.616616616616617	43.28232182000654	31.571971585557502	15.417738661546991	36.87580931200865
6.626626626626627	43.93473194495667	31.079708981187917	-8.876092429960408	37.62789935716812
6.636636636636637	40.73626526817844	31.394272037410143	-6.589785923701356	34.77259332419622
6.646646646646647	42.19757241916089	30.94778133506777	-13.12387520983657	36.190171734247144
6.656656656656657	40.16599223180267	31.13153179296897	-57.54799547628136	34.381394048878626
6.666666666666667	42.81679012358772	29.795669313520598	-58.23938810876325	37.156539542034785
6.676676676676677	41.0772090558036	29.96557807707782	8.661402658723091	35.58623923668502
6.686686686686687	41.377566279222506	29.969070768149688	22.901973945582995	35.84518647839848
6.696696696696697	39.389138025607934	30.424076053966367	-35.975223846066456	33.96529131374897
6.706706706706707	40.12643543708897	29.248846066526735	3.7723720188205334	35.01054956611951
6.716716716716717	39.463622763261384	30.499599017306117	5.609690136511972	34.003148323094884
6.726726726726727	42.29766393819182	29.361152175365813	-52.81092089693993	36.86437904337224
6.736736736736737	40.93535772940021	29.442323323673687	3.7683746662328304	35.64859524982552
6.746746746746747	40.89169635221901	29.436595111626733	0.9026990125032626	35.61258206054815
6.756756756756757	40.779325436064724	29.460395375976052	-70.47348382381051	35.50639009412577
6.766766766766767	38.701410635699204	28.02571455459349	-31.756983674273897	34.16315951141298
6.776776776776777	39.95793204094793	28.82461992704164	13.794322104848789	35.00712788547629
6.786786786786787	39.39619366012702	28.301877159295167	12.953869676689465	34.68684439743907
6.796796796796797	39.69139800393838	29.08395665730569	12.159373776974462	34.686644819028075
6.806806806806807	40.68109881898964	28.5453080657411	-75.48808849316333	35.735884624498745
6.816816816816817	40.38104215072772	27.572683614399523	-61.75089561894697	35.79473944158207
6.826826826826827	42.083364855551764	27.309053899195614	-17.982804042621638	37.392952719443564
6.836836836836837	39.392343344838416	27.21266751745014	0.6318591359049606	35.03221331739186
6.846846846846847	40.87611155578454	27.32170373174627	5.589200175099677	36.316112826381485
6.856856856856857	43.584006757973995	27.324563416851532	-7.670387238295234	38.72092604360053
6.866866866866867	43.30970297124575	27.16814242567429	10.49885202317546	38.5313603844557
6.876876876876877	43.55212150396737	27.534750644542733	-6.754943215688627	38.6189994176385
6.886886886886887	43.083040447924944	27.032908327262106	5.34174381664252	38.37602974159717
6.896896896896897	45.1281947665567	27.641692462693737	0.9403517708142317	39.97754320787223
6.906906906906907	46.62449921067538	27.05173418853967	-42.31830130903995	41.523603619684195
6.916916916916917	47.4719534928822	26.794479223273516	-43.795906055091564	42.37485466695525
6.926926926926927	44.228629666880394	26.17493927252182	-0.341225940025879	39.69304539611627
6.936936936936937	45.89528165211988	26.78764787312285	-7.771585800306184	40.96993772352001
6.946946946946947	48.44098733471915	26.019351969212384	-76.16143522823177	43.53129624599243
6.956956956956957	47.85455728919555	25.26289441510019	19.94389158640547	43.277705473892325
6.966966966966967	48.555553318675905	26.41862907804933	-11.425992620601846	43.484758248385184
6.976976976976977	48.11790180233431	25.034145814087143	-2.9622037109693338	43.59750227217929
6.986986986986987	49.472088875274395	26.35932570045235	26.051443398847823	44.32833634422424
6.996996996996997	50.71756651569853	25.555696232482493	-26.139557438341626	45.75568265588156
7.007007007007007	51.294287876845395	25.836011237222287	41.61856873662009	46.16716961307991
7.017017017017017	52.07293386834876	26.388900811794205	-24.601426986892875	46.64682360810229
7.027027027027027	51.308554498285815	25.34349017642363	-49.15231859099549	46.37051170354202
7.037037037037037	52.52975538274245	25.404870409572073	-4.287867225999207	47.450066477855906
7.047047047047047	52.3688032338367	25.257646988715937	-3.578314439813539	47.362251660815474
7.057057057057057	53.52345930620146	25.33323248284908	25.346950899871445	48.37635031649934
7.067067067067067	54.22474174732951	25.76509345317783	31.54676222504986	48.8339219141469
7.077077077077077	55.202557445498236	25.964799294161388	-22.921646165307266	49.63058783237916
7.087087087087087	54.51964485667831	25.30620163805656	-81.64444884212708	49.28773733618225
7.097097097097097	55.66325109929182	24.330275793818508	-53.91118267480124	50.7195584261958
7.107107107107107	55.792759279079306	24.226898681604084	25.58508665991303	50.878955329747264
7.117117117117117	57.8912401476356	24.842489740963913	90.01606868174781	52.534341927278156
7.127127127127127	56.25707835284142	26.029022178736174	-1.2633027482816033	50.55102875663427
7.137137137137137	57.32816551563163	24.817198394651967	-64.76799336204795	52.03399721626289
7.147147147147147	58.47108586819798	24.73236565497145	17.470066991992553	53.1076492154041
7.157157157157157	60.102391305125714	25.16694948558275	26.541186476501252	54.39702206939294
7.167167167167167	56.220772468475566	25.263720739586088	-58.253318787845956	50.84342245734215
7.177177177177177	58.73009394546448	24.000716877217464	-26.052800792726885	53.6523116670933
7.187187187187187	58.953494682464076	24.742143146138105	25.185393375772946	53.54159778337021
7.197197197197197	60.618309282478904	24.50492895681252	27.4534664307007	55.158151013899904
7.207207207207207	58.81860653324495	25.291762093699678	46.51717402689292	53.18048931641907
7.217217217217217	59.93686142335993	25.43620371210567	-26.84600396207884	54.126826595247685
7.227227227227227	58.55046641376554	24.754304556921323	-17.872561573313988	53.17036463908982
7.237237237237237	60.71826795839975	25.078394671598886	25.74498983648573	54.99427750890144
7.247247247247247	62.04530856550446	25.26971976886298	16.356394016052718	56.108086124329375
7.257257257257257	58.8284093801497	25.405850007255594	-37.82386625185927	53.13920174380726
7.267267267267267	60.67812608764983	24.5124852092662	-20.873910765683377	55.20926024066941
7.277277277277277	58.69126626151687	24.987953895830504	45.73243479511825	53.19756536502572
7.287287287287287	60.37126166659887	25.428049469428725	64.49252128779199	54.52280758750456
7.297297297297297	61.672762761755415	26.279095463153666	-30.932825300187915	55.29876102297979
7.307307307307307	59.73900544530955	24.808773687643182	4.36383396200381	54.22588602602454
7.317317317317317	57.97256048075568	26.366459506437025	27.479506319560187	51.94178473562712
7.327327327327327	59.52325927029212	25.35891395430104	-32.07208680394251	53.78775540403228
7.337337337337337	58.777355346424095	25.724375686538277	35.891262075707346	52.952075404010046
7.347347347347347	58.61428193089424	26.07745773960049	-18.65404986088606	52.64738287370245
7.357357357357357	58.305248321266326	25.350921234868885	37.76125601224339	52.690591747950045
7.367367367367367	57.228384425662995	26.8334388409467	54.76593516929643	51.066176564728266
7.377377377377377	56.949469894873296	26.447336353373316	-61.719790653887	50.9893723253661
7.387387387387387	56.09638698725843	25.597807396424443	-14.541978067322361	50.590473922529924
7.397397397397397	56.287547352047426	26.156205661334834	68.74513215746742	50.52345342623944
7.407407407407407	55.50376698736509	26.97408631849586	53.84965283144243	49.46561005486841
7.4174174174174174	55.3573357351557	27.234276789091435	1.0989412979308781	49.22057420391884
7.4274274274274275	55.029454176651214	26.996087145281262	-52.78830715675963	49.03330871328016
7.4374374374374375	53.991710338189485	26.177453822990145	-28.1892103689313	48.453890480413826
7.4474474474474475	53.83766303046245	26.431738589346704	43.62803815583834	48.20976017153786
7.4574574574574575	50.84006800341572	27.050888020304225	29.593992543693957	45.278314797260265
7.4674674674674675	52.745226888951095	27.02421091254378	66.6409702595056	46.98621852833043
7.4774774774774775	52.65613014000795	28.385041579053084	-1.3241722442032824	46.325426619814635
7.4874874874874875	51.11801557676804	26.997700957704875	-43.46101463819832	45.54741655032456
7.4974974974974975	49.885985615477836	27.514951195905972	27.682210822581055	44.24339728653969
7.5075075075075075	48.66692343312303	27.551899372571363	-4.646717802233752	43.14771522727251
7.5175175175175175	47.92443298947793	27.421923812477868	-23.497935127151777	42.5396067036049
7.5275275275275275	49.13164511710989	27.081470240896653	12.334368123145168	43.74485565852032
7.5375375375375375	45.615888937592054	27.668858109237533	38.393218657345415	40.3995364105863
7.5475475475475475	47.52134925040616	27.850103247049713	14.07396129144945	42.017084307653995
7.5575575575575575	46.23528993635164	27.950619096053334	7.089510878227429	40.842030442175094
7.5675675675675675	47.47049290508962	27.992035396763978	17.62120465637736	41.91705498841579
7.5775775775775776	45.17537877295986	28.30339596605088	37.01752811720394	39.774628466656715
7.587587587587588	45.05579496026516	28.733127050762054	12.559872979991951	39.50800118665277
7.597597597597598	45.82628180316519	28.554844874559226	18.54774048766626	40.251971164626774
7.607607607607608	44.26326663371579	29.104453186651266	-7.385186315792453	38.67433964660176
7.617617617617618	44.176600146867344	28.406993296665483	-23.554271339027537	38.857318407912416
7.627627627627628	42.48072991163775	28.63289620288695	33.2524244820695	37.285676115999564
7.637637637637638	42.69096021359294	29.07270750051072	26.793159708476878	37.3120608898773
7.647647647647648	41.66027318674357	29.169295796650253	-5.257561564619664	36.37705860103624
7.657657657657658	41.89668209034951	28.967451012730546	56.426677308623994	36.655196840991195
7.667667667667668	40.85993816966646	30.298959006032113	37.79299977993037	35.27866335658439
7.677677677677678	42.64705729876639	29.724067624941362	-7.2054137923191774	37.035698908027484
7.687687687687688	42.32059259630565	30.154706477657356	25.63087577536544	36.593439048064575
7.697697697697698	40.876519991764184	30.237198271094826	-14.307415760359618	35.31518945273585
7.707707707707708	38.41113958528328	29.868271727700208	-3.0106213663862036	33.30909008697353
7.717717717717718	42.15392614720105	30.176925571067077	42.42212287403527	36.44111270052586
7.727727727727728	42.04832170888054	30.71756347693014	27.244633268994676	36.14876258973892
7.737737737737738	38.71950242689283	30.72236367455045	3.6850190864079195	33.28533375266634
7.747747747747748	39.169210707296244	30.791337632814184	38.40282270989542	33.64781305810009
7.757757757757758	40.642823580096795	31.491188954027837	-16.21103306716168	34.656969048745275
7.767767767767768	42.24634511202394	30.466792426264398	0.9412514578370974	36.41310393446138
7.777777777777778	39.3896461106586	31.51003282705761	103.1443298813931	33.58158995907151
7.787787787787788	39.718000588428794	32.53174397544144	40.42010139776744	33.48599339499962
7.797797797797798	42.13222660067164	32.31924406625215	-74.20754036770404	35.60519943954093
7.807807807807808	39.265374501226624	31.04610753164356	-23.80100131289555	33.64071002588078
7.817817817817818	41.45482987898227	31.84274754347146	49.62834708916921	35.21584906597864
7.827827827827828	40.858066046148224	32.03966803392923	18.43001705692359	34.63460668447829
7.837837837837838	40.4831044204642	32.21171685392038	60.75777155478022	34.252114064664205
7.847847847847848	41.28046246958724	33.25603983682773	16.576925606990017	34.51989313579572
7.857857857857858	44.75622195476857	32.543587236442704	-0.709387275698873	37.72870990822489
7.867867867867868	42.99314867543025	33.241837889366295	-17.489420765903105	35.957932756016696
7.877877877877878	43.155462394536016	32.19344868257077	3.3828385676843027	36.520486590303605
7.887887887887888	40.73127810570573	33.30956238521583	17.64466947039773	34.039769429273214
7.897897897897898	43.21097178604318	32.546695318614766	-16.510029944128064	36.42483012005915
7.907907907907908	45.91178095864481	32.97903125520325	58.718522480902266	38.51400813133442
7.917917917917918	43.939409225022764	33.72224131422843	34.70284685213505	36.54610612482967
7.927927927927928	44.71896664787005	33.67378294393469	-1.077600876440556	37.2154781015151
7.937937937937938	47.687914879093	33.700667723108495	-5.2194136046250605	39.673849000112426
7.947947947947948	45.06313142800945	33.56929017907733	59.33620773955067	37.547400165275846
7.957957957957958	46.39757834516783	34.888579789966364	-1.5095037620901621	38.058351352121775
7.967967967967968	47.55048242008925	33.53906988353999	-36.89130589396177	39.633767578144244
7.977977977977978	46.97493664897615	34.15001510740457	20.454704851214046	38.87507751975663
7.987987987987988	48.76996182128022	33.948573484164896	26.63116964061487	40.456592619080425
7.997997997997998	49.41298626480672	34.68317165676623	7.498719279556553	40.632852458623745
8.008008008008009	50.20730390568425	34.09869799426602	-40.57055271987315	41.57531650904565
8.018018018018019	49.68655560706728	33.87094837909102	4.4105483268604075	41.254497746585386
8.028028028028029	52.88360185969677	34.18699726006903	12.262179257389334	43.74574447801912
8.038038038038039	51.941162898215886	34.116437453313026	8.711127000621445	43.00206072180849
8.048048048048049	52.6432381783869	34.361394197018406	52.144861683421595	43.456676456354764
8.058058058058059	53.21458732176254	35.1603786281563	-15.924703867513472	43.50523035704206
8.068068068068069	53.90313306074874	34.0425813067779	-14.456908448275726	44.6653090092087
8.078078078078079	54.8267827862045	34.870951031594224	28.49320667435154	44.98218701594598
8.088088088088089	55.80903767698367	34.61301587483298	26.251324823449977	45.931248221654684
8.098098098098099	54.67607284562995	35.39650308011174	-0.9969080558735186	44.56991973452038
8.108108108108109	56.879335652673404	34.59305775559628	-17.132942309415057	46.82336290766395
8.118118118118119	57.65927917316548	35.053501232075405	6.893523290465282	47.20081408719604
8.128128128128129	57.8356272404835	34.731066229879865	-42.75069457102495	47.531357304217146
8.138138138138139	56.2300494741428	34.197631470893725	10.96939927314429	46.508088118619185
8.148148148148149	58.371844734216644	34.950673822935805	53.43031069892777	47.844221907849786
8.158158158158159	59.922684667160944	35.267307360762146	17.1866838932292	48.92490533291181
8.168168168168169	59.52300217018119	35.29475157855601	-16.493967840519872	48.58211007572624
8.178178178178179	58.75576238850331	34.93709779438537	-2.488637459033498	48.16687243791481
8.188188188188189	60.14781140914459	35.24492900680359	2.7539066922429356	49.122274439010354
8.198198198198199	58.60536739877206	34.99223106149734	10.267814387318822	48.011264000672476
8.208208208208209	60.19774751304828	35.45049085639956	-14.163259125448576	49.03810838763514
8.218218218218219	60.90797150043811	34.70868233025713	-58.794675642896664	50.069870963562344
8.228228228228229	58.87842324307043	34.273420272958184	38.921085057428854	48.654751895600164
8.238238238238239	59.71986404061767	35.48788323230776	-19.504577434371186	48.626200916334696
8.248248248248249	60.46506168714828	33.882938242240044	-36.036068516261366	50.1967842841215
8.258258258258259	58.60483074490254	34.76644041916939	57.69900357459369	48.14289266100693
8.268268268268269	57.769377964010005	35.03807344893862	-8.106625138611662	47.29987506706729
8.278278278278279	60.35471510746692	34.60414562159959	-15.313787969396799	49.677681142145964
8.288288288288289	59.996247582337155	34.73149110720895	-12.808117485524917	49.306777794330095
8.298298298298299	58.39884982791051	34.34772685312061	-10.748633337014098	48.215760389804046
8.308308308308309	59.8962972500855	34.51630325261407	-35.792175828806876	49.35245178207382
8.318318318318319	59.77552531334504	33.63116677646782	-17.32412771560621	49.770303448068
8.328328328328329	58.87702220924188	34.16947386891825	48.09249850682181	48.713666190089235
8.338338338338339	58.69373365565654	34.59397955938718	40.63124705227483	48.31644859165467
8.348348348348349	59.04189502089837	34.982912248343176	-65.18298027690844	48.374386679763376
8.358358358358359	56.80631657506756	33.289014989278904	-51.13279853866038	47.485116193088324
8.368368368368369	55.33986846650742	33.959232597919545	31.21686067552264	45.90083722777581
8.378378378378379	57.01344663139724	33.91397716496504	-6.723556671707456	47.31410243066528
8.388388388388389	55.81369082470065	33.82462685874622	7.9363014161374394	46.36696052836875
8.398398398398399	55.40557396460602	34.07286207820103	-1.751772134238763	45.893865613822065
8.408408408408409	55.289760626389146	33.78955634554825	0.08729635207146202	45.95053797715939
8.418418418418419	53.503840376093635	34.07460975291717	-11.699277701993879	44.31769629487661
8.428428428428429	53.463443167038704	33.55533657173456	-33.39979525854869	44.55388704636589
8.438438438438439	53.53961275653446	33.405945183176456	-16.224240040860877	44.69437291082492
8.448448448448449	54.41537908956855	33.230526961306914	-28.295255099169026	45.51696574870894
8.458458458458459	52.0022789741059	32.83947360961952	-5.53619021473969	43.69196103148933
8.468468468468469	54.79567784052123	33.11969232237318	-15.801823833856815	45.893077441581056
8.478478478478479	50.988156589571155	32.523120780112876	-6.4861033130205215	42.9919164277871
8.488488488488489	49.25498855264344	32.989840404194595	22.574468035969403	41.31346535107654
8.498498498498499	48.39226023018214	32.975062082134286	-53.92142008450992	40.5966320801441
8.508508508508509	49.96110112344407	31.910332494594797	3.210233668543651	42.410798529718164
8.518518518518519	49.57911608809125	33.03933102444747	27.15495531717238	41.56199947534758
8.528528528528529	47.50791499760281	32.45397524368734	-44.36453324016338	40.088260790787885
8.538538538538539	45.67230590765599	32.15115218080056	-36.338905694258074	38.66832831691605
8.548548548548549	46.63712414919469	31.726469624182673	-30.31875490241623	39.66805754578853
8.558558558558559	47.21928135695574	31.544170100672105	24.344029906903415	40.24202386733445
8.568568568568569	47.32299867141406	32.21383759028684	30.54722789783682	40.03830663959695
8.578578578578579	45.10862599770773	32.15572621474291	-12.46657211217871	38.189173850194884
8.588588588588589	44.995402613918415	31.96425656702	-40.46905330804384	38.1731329081973
8.598598598598599	43.12514464281742	31.345534957324617	-16.34553633242149	36.83084349673592
8.608608608608609	45.569404996467476	31.63701860240696	-25.997350706161797	38.79725419335202
8.618618618618619	42.19721134099122	30.825067475719777	-36.097167606967105	36.2362556530783
8.62862862862863	43.31431175596477	30.91435258424946	11.662561134287216	37.160917627314205
8.63863863863864	42.88063369597555	31.058552183112916	-2.633844979048945	36.73328839795363
8.64864864864865	43.04924949526045	30.861622955039273	-56.799650719126475	36.95384969775737
8.65865865865866	41.657881689003965	29.921422038585856	-52.00629058551408	36.105315602894436
8.66866866866867	42.38515921509115	29.820455976350303	-10.689331982357544	36.77285408755174
8.67867867867868	40.754315493476355	29.707421398298422	-29.729254311491786	35.397867053761736
8.68868868868869	41.05899464722919	29.22527570985397	36.83393505462095	35.832462836248304
8.6986986986987	39.54144631673045	30.44483751550805	3.4899596487200597	34.089368978253944
8.70870870870871	39.69618576143596	29.29514477189041	-85.02149420321643	34.619469917003414
8.71871871871872	41.402241685330566	28.74270549942764	0.8916659859025913	36.3009880514284
8.72872872872873	41.62311278709792	29.31299594277935	-9.383544244180484	36.29361647291867
8.73873873873874	41.01544086155116	28.5548467558004	23.748694102924446	36.02632045199646
8.74874874874875	41.091856932341415	29.788445274169227	6.8702105651302645	35.66221151551322
8.75875875875876	41.33400320671501	28.692388508856062	-53.12264061359838	36.25859894971946
8.76876876876877	40.46957720356944	28.72492894556866	-35.92050841018113	35.48927525753166
8.77877877877878	40.93819146879171	27.97325921135494	-7.780243056143263	36.15524361598768
8.78878878878879	41.13479875817987	28.569168323824048	15.638473691106583	36.12624372838588
8.7987987987988	42.30722336633452	28.28634176773345	-27.109623191633773	37.25533230046465
8.80880880880881	39.77945488964228	28.02643312479234	-7.513394333114775	35.11455443463249
8.81881881881882	39.49314497051136	28.135923462766186	-33.72797377528286	34.82629438569126
8.82882882882883	40.931468986088916	27.35119841457647	9.138296407529879	36.355618806628065
8.83883883883884	40.63086277548488	28.318872339793813	18.912983078457955	35.768207781299296
8.84884884884885	39.861481713408345	27.729836714445497	-3.2786950245429125	35.28344792834504
8.85885885885886	41.94739255816975	28.253232799762923	-5.2992904145398825	36.94994928562753
8.86886886886887	42.39988273129639	27.623744814254508	-24.814889584981984	37.56678376590405
8.87887887887888	41.244445398789615	27.756438213476997	-19.19674591303783	36.49866614457401
8.88888888888889	44.77865107327281	27.239425576756254	-44.98197636937198	39.81277169733399
8.8988988988989	43.847043792944575	26.855898146022103	-40.024792385123874	39.117943447897524
8.90890890890891	45.13235240022689	26.43812843190893	6.176610011957791	40.41221565499883
8.91891891891892	45.17964250107646	26.979554002117357	24.739972938389883	40.262673061530876
8.92892892892893	47.23621530474826	26.93342318543025	31.83443888206989	42.1126661148915
8.93893893893894	46.16093177042073	27.616880105862496	-50.7555789359908	40.901680525575685
8.94894894894895	46.7347680593308	25.917295479004007	-92.0406316782919	42.03446005897742
8.95895895895896	46.83940326533544	25.774224817007806	10.106659262011135	42.17956060069204
8.96896896896897	47.690465881706885	26.11963099976499	-2.641728998619101	42.820162354563585
8.97897897897898	49.1441614851948	25.721337349567985	-19.941695519720952	44.2747349078404
8.98898898898899	50.262698193052444	25.720397856227034	-29.591300478868106	45.28279960114419
8.998998998999	51.5899390314771	25.12891892156262	15.142584852502068	46.707187446268435
9.00900900900901	50.893466889958816	26.023552708128978	26.144769271200403	45.73357005505044
9.01901901901902	49.73528239357531	25.65233772579085	0.00024785997061371745	44.83324637076907
9.02902902902903	53.06223313239272	26.02355767029055	-20.470861836602126	47.68245124411411
9.03903903903904	54.53248084911909	25.242510661995016	-18.67076341255415	49.325223117541185
9.04904904904905	53.65608121239808	25.64976861298216	9.639883595138372	48.36864277110231
9.05905905905906	54.649188882804346	25.43550132456035	-7.142654929096352	49.35200719994597
9.06906906906907	54.719139527868904	25.506772518305556	-18.484623083345014	49.38590523984298
9.07907907907908	54.676408713163035	25.065438800369254	-35.32219759641566	49.52723136034379
9.08908908908909	56.672854227259194	24.799621415274213	-9.186761125686644	51.44649778224404
9.0990990990991	54.33988076753476	24.881519658713867	3.0622229369771503	49.29604049188444
9.10910910910911	56.460964887541884	24.86092717977826	25.83178107637059	51.22877969318446
9.11911911911912	56.403932212818134	25.39867243301558	16.995324083605965	50.952223186834125
9.12912912912913	57.812427085892054	25.201173908178777	-12.038128601838253	52.309743652232505
9.13913913913914	56.823785129423655	25.157668857403205	17.0465346581027	51.433559221381614
9.14914914914915	58.10867650063617	25.542445873305958	-21.808523651192445	52.42948923429799
9.15915915915916	59.12430823579904	24.72106177729925	-7.0091696012998455	53.705831996092996
9.16916916916917	57.14348527523011	25.40212215756422	-20.405622569460547	51.6188191225093
9.17917917917918	58.415986864400516	24.31254080493768	42.02845029135733	53.23525894068892
9.18918918918919	59.74597845621994	26.24353257380761	1.2370518398038257	53.587521946892046
9.1991991991992	59.930330365326995	24.337306607536352	-83.72660193508091	54.60462976400451
9.20920920920921	60.02146379890267	24.567324326859044	15.898024750238847	54.58792267211107
9.21921921921922	59.77444376012754	24.65558538131491	5.207619791478464	54.324916947469596
9.22922922922923	60.92328362065611	24.671580979341098	0.268423300246468	55.36192178738685
9.23923923923924	60.81430514174752	24.660959221159683	13.203471409628264	55.267596391973086
9.24924924924925	59.69002002315076	24.935914741295615	64.29228449182256	54.1257114637504
9.25925925925926	60.82036602324735	25.948092043818793	18.391430975628055	54.68911517397523
9.26926926926927	59.1543422234022	25.304111557624505	-37.46873673891355	53.47859429957224
9.27927927927928	59.02639949476923	25.197967184180886	2.1567996027031313	53.40957471317271
9.28928928928929	60.42823963617101	25.347290728849792	25.37094052018233	54.61078337082143
9.2992992992993	60.22680732117983	25.70589392132167	25.18718288154969	54.26630515252718
9.30930930930931	58.66651204688017	25.851538634386323	-67.37562095578687	52.79557282659682
9.31931931931932	59.46835270187379	24.35703264092554	-9.775101909470777	54.17526497145699
9.32932932932933	58.016682650959815	25.655840898460983	1.477447497328285	52.296875004814
9.33933933933934	58.25408726880853	24.386611169400577	-22.62821486552798	53.05666749679719
9.34934934934935	58.81986802300037	25.202823583835798	106.90300294707481	53.22057354195796
9.35935935935936	56.230589036328766	26.526811428601274	34.19264852233141	50.31094000048155
9.36936936936937	57.257387847703136	25.88736109179038	-44.74027707889991	51.51184438636133
9.37937937937938	57.19357104550666	25.631110185780457	-11.7544921155054	51.56559677884057
9.38938938938939	56.1067531117659	25.652035924312795	-38.08185919583366	50.57685665843707
9.3993993993994	55.03424637202384	24.868710602280284	13.147664044951853	49.93113027373358
9.40940940940941	54.75430910296633	25.91525242170923	61.65307085816744	49.248296173823164
9.41941941941942	54.93542544438996	26.10300631515651	79.03577000359246	49.33225875708973
9.42942942942943	53.71872338249509	27.497550119478845	50.2545435651748	47.65015014593822
9.43943943943944	55.34634062473149	27.109103283428276	-24.494609700594765	49.26601463274523
9.44944944944945	52.99777980587829	27.00716754289036	-77.43816747625169	47.218357304759486
9.45945945945946	53.04553491047202	25.558789620240052	-36.588737798084594	47.85466191147742
9.46946946946947	50.417499163312094	26.274660279665447	78.4445709340796	45.208478911110696
9.47947947947948	52.494208172083624	27.12925150080221	34.338208173791145	46.718801530117936
9.48948948948949	50.107635416193574	26.96211189475636	33.20254843854809	44.66126318274017
9.4994994994995	49.27855661322086	27.793967185257625	-7.366600303679661	43.59329334685978
9.50950950950951	49.035739259523275	26.81463240919721	0.8124117606005257	43.76295772550227
9.51951951951952	49.569419971669895	27.81023168496935	51.90148983263725	43.84403673462222
9.52952952952953	48.280364015183864	27.85370127471547	8.119118908960218	42.6867680570607
9.53953953953954	48.12675640569575	27.97277660807165	35.0101630769052	42.50413425571215
9.54954954954955	49.95771485210473	28.55460544041928	-4.135241326338928	43.88095633357705
9.55955955955956	47.01535362025928	27.889988993930732	-51.989153546136095	41.554396912194946
9.56956956956957	46.82199094443484	27.51378154560174	43.25710550469648	41.52641166889951
9.57957957957958	46.45847193405701	28.755997112142875	59.669714902202486	40.72904620907024
9.58958958958959	45.67310779976278	28.70837043253272	17.214199559744202	40.05878659257669
9.5995995995996	44.3649897184272	29.100625731957575	69.27060919949213	38.76466005273459
9.60960960960961	43.01839382102031	30.095169415505534	-3.265694445649615	37.219243303724355
9.61961961961962	43.16961746081698	29.035246463776403	-55.883213784816235	37.74411618246454
9.62962962962963	44.04950748983303	28.976386356750456	-15.08207042793424	38.53536548624653
9.63963963963964	43.2989994554589	28.733303111865805	31.454245379925624	37.96745882566086
9.64964964964965	43.219854121161376	29.606100978971188	40.083590681193755	37.57717060772379
9.65965965965966	42.36979185434885	29.535777399777594	-26.78224033046672	36.86375438125824
9.66966966966967	42.07424258374097	29.069919991374256	9.13095983364201	36.774041960858774
9.67967967967968	39.550718381945906	29.718579398449105	17.511607446292828	34.34864425360551
9.68968968968969	42.8452414724498	29.42050272303177	17.164097864011183	37.319837312080935
9.6996996996997	40.00849675716177	30.06220498131219	40.512570177309954	34.62663589600697
9.70970970970971	39.553722909813295	30.23156518904398	2.7684173590621413	34.17431964129337
9.71971971971972	38.6821716335485	30.117628752264384	28.52127071010318	33.45996531431312
9.72972972972973	40.467285280300395	30.80256159965666	63.080435911170525	34.758848757694395
9.73973973973974	38.47446697442418	31.380500342077607	6.030834549604833	32.846732231698795
9.74974974974975	40.210029789881595	30.923299028077174	11.63474502178201	34.49441555384567
9.75975975975976	39.42717961619117	31.61342817034151	15.03650680300143	33.57634806430617
9.76976976976977	41.094784976551594	31.22433019530443	10.48854091316366	35.141967311170156
9.77977977977978	40.16944650908067	31.82340896940385	22.49528662802004	34.13106794120846
9.78978978978979	39.746157280758474	31.67468628395348	-9.207653387903292	33.82569623590031
9.7997997997998	39.35200631165786	31.63907156424062	35.61930722872171	33.50309462278289
9.80980980980981	41.04540999893423	32.38778552777173	74.20118557475757	34.66047366575142
9.81981981981982	42.225738859658094	33.124580784956486	-23.950321209472804	35.36339559971132
9.82982982982983	40.217700484822075	31.908299617672178	-47.8914216534763	34.14061013932714
9.83983983983984	41.42340038972214	32.16579356466667	26.941778854670247	35.06537031713752
9.84984984984985	41.51513820075373	32.44767456971763	26.628334911483307	35.03386886566929
9.85985985985986	42.58888225054662	32.69889336269436	-1.7328908274796504	35.83944798982019
9.86986986986987	43.71529541622692	32.412982060658976	-5.797641865536207	36.904736380422385
9.87987987987988	41.66720191778126	32.582824456477425	31.48956734610192	35.1093621081392
9.88988988988989	43.712700096779805	33.04340382934971	19.386058355494242	36.64250926388804
9.8998998998999	42.88081915747975	32.97093373286369	-7.100605959665927	35.97472414914506
9.90990990990991	45.55295929524123	32.90124955588292	-46.670750170765814	38.24662988234549
9.91991991991992	46.716688975105505	32.03658438009561	-6.0901053025086185	39.60218387319374
9.92992992992993	44.00960203687094	32.77932552580267	89.81174351573827	37.00160179720076
9.93993993993994	45.829351874269584	33.83461728331359	47.39546576679618	38.068069184093396
9.94994994994995	46.60555686175414	33.7281836993121	-88.51762129086501	38.7609605374221
9.95995995995996	48.29087078041637	32.06249273294593	42.972091519428886	40.92504527246889
9.96996996996997	49.648897741584356	34.5884858318332	96.82463386667177	40.8734781958861
9.97997997997998	48.97049146654127	34.0009238413878	-4.239034118684003	40.59793582611444
9.98998998998999	48.882151226309446	34.503620283911594	49.433143738252284	40.28331146425523
10.0	50.02523668840294	34.99057636868014	48.64691286837751	40.98299362900412
